%YAML:1.0
---
K: !!opencv-matrix
   rows: 3
   cols: 3
   dt: d
   data: [ 1.1121912293142786e+03, 0., 7.3818065038122825e+02, 0.,
       1.1031994466245276e+03, 4.9724872397801551e+02, 0., 0., 1. ]
D: !!opencv-matrix
   rows: 1
   cols: 5
   dt: d
   data: [ -2.9505242597312320e-01, 1.2692795000725541e+00,
       1.4455756243319578e-02, 3.5503051063957747e-03,
       -2.9993674022648302e+00 ]
