%YAML:1.0
---
K: !!opencv-matrix
   rows: 3
   cols: 3
   dt: d
   data: [ 1.1121912484542861e+03, 0., 7.3818065975897809e+02, 0.,
       1.1031994644767324e+03, 4.9724870573711945e+02, 0., 0., 1. ]
D: !!opencv-matrix
   rows: 1
   cols: 5
   dt: d
   data: [ -2.9505237759624642e-01, 1.2692791878964864e+00,
       1.4455756136045101e-02, 3.5503066716903371e-03,
       -2.9993668720418976e+00 ]
